<?xml version="1.0"?>
<opencv_storage>
<!-- from manual input -->
<depth_camera_focal>480.</depth_camera_focal>
<color_camera_focal>700.</color_camera_focal>
<depth_clipping_near>200</depth_clipping_near>
<depth_clipping_far>1200</depth_clipping_far>
<!-- from intrinsic calibration for depth -->
<depth_image_size>
  640 480</depth_image_size>
<depth_camera_matrix type_id="opencv-matrix">
    <rows>3</rows>
    <cols>3</cols>
    <dt>d</dt>
    <data>
      4.7702681424834583e+02 0. 3.1262039862529099e+02 0.
    4.7430455466577337e+02 2.4000015761660299e+02 0. 0. 1.</data></depth_camera_matrix>
<depth_dist_coeffs type_id="opencv-matrix">
    <rows>5</rows>
    <cols>1</cols>
    <dt>d</dt>
    <data>
      -1.3262742801118907e-01 -1.2370234188869024e-02
      -7.7359621483477582e-04 1.7916463431974395e-03
    -1.3727778777282438e-02</data></depth_dist_coeffs>
<!-- from intrinsic calibration for color -->
<color_image_size>
  960 540</color_image_size>
<color_camera_matrix type_id="opencv-matrix">
    <rows>3</rows>
    <cols>3</cols>
    <dt>d</dt>
    <data>
      6.8533369844100457e+02 0. 4.7636503546109890e+02 0.
    6.8203921224753037e+02 2.6721980900481566e+02 0. 0. 1.</data></color_camera_matrix>
<color_dist_coeffs type_id="opencv-matrix">
    <rows>5</rows>
    <cols>1</cols>
    <dt>d</dt>
    <data>
      1.6690369457260160e-01 -5.0952821886224775e-01
      -1.0011591274570759e-03 -2.5428446043151943e-04
    4.5082441489308361e-01</data></color_dist_coeffs>
<!-- from extrinsic calibration -->
<depth_to_color_rmat type_id="opencv-matrix">
    <rows>3</rows>
    <cols>3</cols>
    <dt>d</dt>
    <data>
      9.99994999e-01 0. 9.9998331e-03
      0. 1. 0.
      -9.9998331e-03 0. 9.99994999e-01</data></depth_to_color_rmat>
<depth_to_color_tvec>
    2.45e-02 0. 0. </depth_to_color_tvec>
<calibration_error>3.7710797291916015e-01</calibration_error>
</opencv_storage>
